id;nome_cargo
1;Representative Home Loan Account
2;Lithuania Andorra
3;El Salvador Colon US Dollar
4;Unbranded EXE synthesizing
5;Credit Card Account SDD
6;Representative
7;protocol
8;Saint Pierre and Miquelon
9;auxiliary FTP
10;Philippine Peso Assistant
